{
  "advancedEditorSelectedIdentifier" : "ProjectBrowser",
  "openSceneRelativePaths" : [
    "Sword_No1.usdc",
    "Oldfactory.usdc",
    "Budokan.usdc",
    "Enemy-1.usda"
  ],
  "recentIdentifiers" : {
    "00D158A0-B352-4D98-B0C4-BEA938925528" : [

    ],
    "230A6DE5-BDA5-4366-9FAC-DD19745A17DE" : [

    ],
    "26DBAE76-5DD8-47B6-A085-1B4ADA111097" : [

    ]
  },
  "sceneCameraHistory" : {
    "00D158A0-B352-4D98-B0C4-BEA938925528" : [
      {
        "date" : 784349466.67678,
        "title" : "Untitled",
        "transform" : [
          -0.71503854,
          1.10668125e-05,
          0.69908494,
          0,
          0.39985067,
          0.8202859,
          0.40896252,
          0,
          -0.5734449,
          0.57195395,
          -0.5865403,
          0,
          -0.98154396,
          0.9884047,
          -1.2063774,
          1
        ]
      },
      {
        "date" : 784286221.232412,
        "title" : "Untitled",
        "transform" : [
          -0.71503854,
          1.10668125e-05,
          0.69908494,
          0,
          0.39985067,
          0.8202859,
          0.40896252,
          0,
          -0.5734449,
          0.57195395,
          -0.5865403,
          0,
          -0.29106036,
          0.29309478,
          -0.35773093,
          1
        ]
      },
      {
        "date" : 784286218.200043,
        "title" : "Untitled",
        "transform" : [
          -0.71503854,
          1.10668125e-05,
          0.69908494,
          0,
          0.39985067,
          0.8202859,
          0.40896252,
          0,
          -0.5734449,
          0.57195395,
          -0.5865403,
          0,
          -0.052782737,
          0.05730784,
          -0.07916388,
          1
        ]
      },
      {
        "date" : 784130957.093972,
        "title" : "Untitled",
        "transform" : [
          -0.71503854,
          1.10668125e-05,
          0.69908494,
          0,
          0.39985067,
          0.8202859,
          0.40896252,
          0,
          -0.5734449,
          0.57195395,
          -0.5865403,
          0,
          -0.4044838,
          0.43916047,
          -0.6066473,
          1
        ]
      },
      {
        "date" : 784130954.977669,
        "title" : "Untitled",
        "transform" : [
          -0.71503854,
          1.10668125e-05,
          0.69908494,
          0,
          0.39985067,
          0.8202859,
          0.40896252,
          0,
          -0.5734449,
          0.57195395,
          -0.5865403,
          0,
          -0.5328265,
          0.57850605,
          -0.79913646,
          1
        ]
      },
      {
        "date" : 784040124.636654,
        "title" : "Untitled",
        "transform" : [
          -0.71503854,
          1.10668125e-05,
          0.69908494,
          0,
          0.39985067,
          0.8202859,
          0.40896252,
          0,
          -0.5734449,
          0.57195395,
          -0.5865403,
          0,
          -3.0848675,
          3.3493354,
          -4.6267037,
          1
        ]
      },
      {
        "date" : 784040122.869598,
        "title" : "Untitled",
        "transform" : [
          -0.71503854,
          1.10668125e-05,
          0.69908494,
          0,
          0.39985067,
          0.8202859,
          0.40896252,
          0,
          -0.5734449,
          0.57195395,
          -0.5865403,
          0,
          -0.40500626,
          0.43972775,
          -0.60743093,
          1
        ]
      },
      {
        "date" : 784032475.918761,
        "title" : "Untitled",
        "transform" : [
          -0.71503854,
          1.10668125e-05,
          0.69908494,
          0,
          0.39985067,
          0.8202859,
          0.40896252,
          0,
          -0.5734449,
          0.57195395,
          -0.5865403,
          0,
          -1.1567515,
          1.2559208,
          -1.7349032,
          1
        ]
      },
      {
        "date" : 784032467.220032,
        "title" : "Untitled",
        "transform" : [
          -0.71503854,
          1.10668125e-05,
          0.69908494,
          0,
          0.39985067,
          0.8202859,
          0.40896252,
          0,
          -0.5734449,
          0.57195395,
          -0.5865403,
          0,
          -0.675731,
          0.73366195,
          -1.0134656,
          1
        ]
      },
      {
        "date" : 784032465.783355,
        "title" : "Untitled",
        "transform" : [
          -0.71503854,
          1.10668125e-05,
          0.69908494,
          0,
          0.39985067,
          0.8202859,
          0.40896252,
          0,
          -0.5734449,
          0.57195395,
          -0.5865403,
          0,
          -1.0414732,
          1.1307595,
          -1.562008,
          1
        ]
      }
    ],
    "0FEBACCA-8C40-4F24-8670-C884EBF80266" : [
      {
        "date" : 784286234.337268,
        "title" : "Untitled",
        "transform" : [
          -0.18623784,
          3.992689e-09,
          -0.9825047,
          0,
          -0.2902222,
          0.9553767,
          0.055012804,
          0,
          0.93866223,
          0.2953901,
          -0.1779273,
          0,
          2.3874447,
          0.63420314,
          -0.8877705,
          1
        ]
      }
    ],
    "151A58B5-1BFC-4AB2-AB65-BB71CA9A58F2" : [
      {
        "date" : 784715064.934837,
        "title" : "Untitled",
        "transform" : [
          0.90350676,
          -2.8664626e-09,
          -0.4285739,
          0,
          -0.19388273,
          0.89181995,
          -0.40873784,
          0,
          0.38221076,
          0.4523905,
          0.8057654,
          0,
          8.953289,
          6.48471,
          2.1264725,
          1
        ]
      },
      {
        "date" : 784715054.703878,
        "title" : "Untitled",
        "transform" : [
          0.47965083,
          0.00058603165,
          -0.8774593,
          0,
          -0.42681125,
          0.87388235,
          -0.23272674,
          0,
          0.76665974,
          0.48613706,
          0.41940847,
          0,
          14.934849,
          8.222988,
          1.9009326,
          1
        ]
      },
      {
        "date" : 784715052.281941,
        "title" : "Untitled",
        "transform" : [
          0.47965086,
          0.0005860296,
          -0.8774593,
          0,
          -0.42681128,
          0.8738824,
          -0.2327268,
          0,
          0.76665974,
          0.48613706,
          0.4194085,
          0,
          7.499458,
          -6.8541536,
          5.0354147,
          1
        ]
      },
      {
        "date" : 784388084.677182,
        "title" : "Untitled",
        "transform" : [
          0.47965086,
          0.0005860259,
          -0.8774593,
          0,
          -0.42681122,
          0.87388235,
          -0.23272674,
          0,
          0.7666598,
          0.4861371,
          0.41940862,
          0,
          6.0682554,
          4.748004,
          2.3286433,
          1
        ]
      },
      {
        "date" : 784388083.193446,
        "title" : "Untitled",
        "transform" : [
          0.47965086,
          0.0005860259,
          -0.8774593,
          0,
          -0.42681122,
          0.87388235,
          -0.23272674,
          0,
          0.7666598,
          0.4861371,
          0.41940862,
          0,
          6.1058817,
          4.648629,
          2.3750498,
          1
        ]
      },
      {
        "date" : 784388075.891165,
        "title" : "Untitled",
        "transform" : [
          0.47965086,
          0.0005860259,
          -0.8774593,
          0,
          -0.42681122,
          0.87388235,
          -0.23272674,
          0,
          0.7666598,
          0.4861371,
          0.41940862,
          0,
          6.821184,
          5.102198,
          2.7663636,
          1
        ]
      },
      {
        "date" : 784387824.113183,
        "title" : "Untitled",
        "transform" : [
          0.47965086,
          0.0005860259,
          -0.8774593,
          0,
          -0.42681122,
          0.87388235,
          -0.23272674,
          0,
          0.7666598,
          0.4861371,
          0.41940862,
          0,
          2.490975,
          2.9930465,
          1.7742008,
          1
        ]
      },
      {
        "date" : 784387821.213964,
        "title" : "Untitled",
        "transform" : [
          0.47965086,
          0.0005860259,
          -0.8774593,
          0,
          -0.42681122,
          0.87388235,
          -0.23272674,
          0,
          0.7666598,
          0.4861371,
          0.41940862,
          0,
          2.4101424,
          2.5685112,
          1.3476686,
          1
        ]
      },
      {
        "date" : 784387818.965196,
        "title" : "Untitled",
        "transform" : [
          0.47965086,
          0.0005860259,
          -0.8774593,
          0,
          -0.42681122,
          0.87388235,
          -0.23272674,
          0,
          0.7666598,
          0.4861371,
          0.41940862,
          0,
          3.5889318,
          3.824758,
          2.006807,
          1
        ]
      },
      {
        "date" : 784387805.699542,
        "title" : "Untitled",
        "transform" : [
          0.47965086,
          0.0005860259,
          -0.8774593,
          0,
          -0.42681122,
          0.87388235,
          -0.23272674,
          0,
          0.7666598,
          0.4861371,
          0.41940862,
          0,
          1.3696215,
          1.4596183,
          0.76584524,
          1
        ]
      }
    ],
    "230A6DE5-BDA5-4366-9FAC-DD19745A17DE" : [
      {
        "date" : 784349205.848237,
        "title" : "Untitled",
        "transform" : [
          0.26464224,
          2.129188e-06,
          0.96434665,
          0,
          0.21675426,
          0.9744122,
          -0.05948525,
          0,
          -0.9396713,
          0.22476868,
          0.25787014,
          0,
          -13.169383,
          3.5241084,
          10.180224,
          1
        ]
      },
      {
        "date" : 784349199.481954,
        "title" : "Untitled",
        "transform" : [
          0.26464224,
          2.129188e-06,
          0.96434665,
          0,
          0.21675426,
          0.9744122,
          -0.05948525,
          0,
          -0.9396713,
          0.22476868,
          0.25787014,
          0,
          -2168.0605,
          580.17004,
          1675.9587,
          1
        ]
      },
      {
        "date" : 784349187.332404,
        "title" : "Untitled",
        "transform" : [
          0.26464224,
          2.129188e-06,
          0.96434665,
          0,
          0.21675426,
          0.9744122,
          -0.05948525,
          0,
          -0.9396713,
          0.22476868,
          0.25787014,
          0,
          -10.934219,
          3.7979841,
          5.6253424,
          1
        ]
      },
      {
        "date" : 784349185.348953,
        "title" : "Untitled",
        "transform" : [
          0.26464224,
          2.129188e-06,
          0.96434665,
          0,
          0.21675426,
          0.9744122,
          -0.05948525,
          0,
          -0.9396713,
          0.22476868,
          0.25787014,
          0,
          -13.041057,
          1.2101603,
          0.20372397,
          1
        ]
      },
      {
        "date" : 784328402.070282,
        "title" : "Untitled",
        "transform" : [
          0.26464224,
          2.129188e-06,
          0.96434665,
          0,
          0.21675426,
          0.9744122,
          -0.05948525,
          0,
          -0.93967116,
          0.22476865,
          0.2578701,
          0,
          -0.6227064,
          1.0242879,
          0.014699796,
          1
        ]
      },
      {
        "date" : 784328382.302019,
        "title" : "Untitled",
        "transform" : [
          -0.03529345,
          2.1278622e-06,
          0.999377,
          0,
          0.3292753,
          0.9441624,
          0.011626494,
          0,
          -0.9435742,
          0.32948062,
          -0.03332345,
          0,
          -0.5441239,
          1.1951606,
          -0.47040212,
          1
        ]
      },
      {
        "date" : 784328326.801702,
        "title" : "Untitled",
        "transform" : [
          0.089250274,
          2.130176e-06,
          0.9960092,
          0,
          0.49764806,
          0.86623186,
          -0.044595044,
          0,
          -0.862775,
          0.49964216,
          0.077310376,
          0,
          -0.2510323,
          1.8124058,
          -0.06908785,
          1
        ]
      },
      {
        "date" : 784328324.708404,
        "title" : "Untitled",
        "transform" : [
          0.089250274,
          2.130176e-06,
          0.9960092,
          0,
          0.49764806,
          0.86623186,
          -0.044595044,
          0,
          -0.862775,
          0.49964216,
          0.077310376,
          0,
          -2.5074542,
          3.2777002,
          -0.1756616,
          1
        ]
      },
      {
        "date" : 784327729.620494,
        "title" : "Untitled",
        "transform" : [
          -0.1458392,
          -2.4320341e-09,
          0.98930824,
          0,
          0.46946406,
          0.88023514,
          0.0692062,
          0,
          -0.870824,
          0.47453767,
          -0.1283728,
          0,
          -2.5074542,
          3.2777002,
          -0.1756616,
          1
        ]
      },
      {
        "date" : 784327728.619455,
        "title" : "Untitled",
        "transform" : [
          -0.14583921,
          1.2932562e-09,
          0.9893083,
          0,
          0.4694641,
          0.8802352,
          0.0692062,
          0,
          -0.870824,
          0.47453767,
          -0.1283728,
          0,
          -2.5074542,
          3.2777002,
          -0.1756616,
          1
        ]
      }
    ],
    "26B506FE-7E3A-4A1C-B567-43E49D962529" : [
      {
        "date" : 785036601.529718,
        "title" : "Untitled",
        "transform" : [
          0.225035,
          -3.5794055e-06,
          -0.97435075,
          0,
          -0.055648673,
          0.99836767,
          -0.0128562255,
          0,
          0.97276026,
          0.057114422,
          0.22466746,
          0,
          8.718622,
          0.5185311,
          9.796511,
          1
        ]
      },
      {
        "date" : 784748466.821078,
        "title" : "Untitled",
        "transform" : [
          0.18545651,
          1.6322362e-10,
          -0.9826525,
          0,
          -0.06827926,
          0.997583,
          -0.01288638,
          0,
          0.98027736,
          0.06948464,
          0.18500826,
          0,
          12.378355,
          0.7361899,
          13.9087,
          1
        ]
      },
      {
        "date" : 784748436.248626,
        "title" : "Untitled",
        "transform" : [
          0.9711421,
          -4.4319298e-10,
          0.23850183,
          0,
          -0.008957326,
          0.9992945,
          0.03647283,
          0,
          -0.23833357,
          -0.03755664,
          0.97045696,
          0,
          1.1628094,
          0.31839833,
          3.9935608,
          1
        ]
      },
      {
        "date" : 784727319.228707,
        "title" : "Untitled",
        "transform" : [
          0.9711421,
          -4.4319298e-10,
          0.23850183,
          0,
          -0.008957326,
          0.9992945,
          0.03647283,
          0,
          -0.23833357,
          -0.03755664,
          0.97045696,
          0,
          3.6202474,
          0.9912895,
          12.433402,
          1
        ]
      },
      {
        "date" : 784727039.77439,
        "title" : "Untitled",
        "transform" : [
          0.9660326,
          2.7605465e-09,
          -0.25842014,
          0,
          -0.04510758,
          0.9846481,
          -0.1686223,
          0,
          0.2544529,
          0.17455135,
          0.95120215,
          0,
          4.175465,
          1.526894,
          12.261951,
          1
        ]
      },
      {
        "date" : 784716422.922522,
        "title" : "Untitled",
        "transform" : [
          0.9660326,
          2.7605465e-09,
          -0.25842014,
          0,
          -0.04510758,
          0.9846481,
          -0.1686223,
          0,
          0.2544529,
          0.17455135,
          0.95120215,
          0,
          21.105467,
          7.7178965,
          61.979725,
          1
        ]
      },
      {
        "date" : 784716418.104627,
        "title" : "Untitled",
        "transform" : [
          0.9702901,
          -8.5072555e-10,
          -0.24194442,
          0,
          0.01674691,
          0.99760157,
          0.06716154,
          0,
          0.24136414,
          -0.069218,
          0.9679629,
          0,
          21.098858,
          7.594793,
          61.98819,
          1
        ]
      },
      {
        "date" : 784715786.572599,
        "title" : "Untitled",
        "transform" : [
          0.9702901,
          -5.0145e-11,
          -0.24194443,
          0,
          0.01674691,
          0.99760157,
          0.067161545,
          0,
          0.24136414,
          -0.069218,
          0.9679629,
          0,
          -10.900209,
          4.992147,
          8.493616,
          1
        ]
      },
      {
        "date" : 784715743.730851,
        "title" : "Untitled",
        "transform" : [
          0.90027905,
          -5.057516e-09,
          -0.43531343,
          0,
          0.08407661,
          0.98117113,
          0.17388025,
          0,
          0.42711696,
          -0.19314042,
          0.8833278,
          0,
          -4.230722,
          6.579063,
          9.982105,
          1
        ]
      },
      {
        "date" : 784715736.769413,
        "title" : "Untitled",
        "transform" : [
          0.5828432,
          -2.5933348e-06,
          -0.8125846,
          0,
          -0.68671614,
          0.5346049,
          -0.49256316,
          0,
          0.434413,
          0.8451021,
          0.31158906,
          0,
          -9.555384,
          15.2637005,
          8.960507,
          1
        ]
      }
    ],
    "80E4AF8A-7483-404E-A458-6391486A5761" : [
      {
        "date" : 785036748.352851,
        "title" : "Untitled",
        "transform" : [
          0.99999946,
          5.5757376e-08,
          0.0010118628,
          0,
          0.000121098165,
          0.9928061,
          -0.11973308,
          0,
          -0.0010045903,
          0.11973315,
          0.9928056,
          0,
          -0.005993571,
          0.1520763,
          0.2055492,
          1
        ]
      },
      {
        "date" : 785036732.036474,
        "title" : "Untitled",
        "transform" : [
          0.99949974,
          9.54018e-11,
          -0.03162665,
          0,
          -0.0026919364,
          0.99637103,
          -0.0850735,
          0,
          0.031511877,
          0.08511608,
          0.9958726,
          0,
          -0.005993571,
          0.1520763,
          0.2055492,
          1
        ]
      },
      {
        "date" : 785036675.478678,
        "title" : "Untitled",
        "transform" : [
          0.998584,
          -1.0690436e-05,
          0.05319773,
          0,
          0.017873839,
          0.94193345,
          -0.3353237,
          0,
          -0.05010514,
          0.33579972,
          0.94059986,
          0,
          0,
          0.23821661,
          0.23821668,
          1
        ]
      },
      {
        "date" : 785036673.025526,
        "title" : "Untitled",
        "transform" : [
          1,
          0,
          0,
          0,
          0,
          0.7071069,
          -0.70710677,
          0,
          0,
          0.70710677,
          0.7071069,
          0,
          0,
          0.23821661,
          0.23821668,
          1
        ]
      }
    ],
    "E3E490AA-0A9B-4E4E-BD5A-06696D7E03F0" : [
      {
        "date" : 784726999.363004,
        "title" : "Untitled",
        "transform" : [
          -0.7934428,
          -3.6052088e-06,
          -0.6086448,
          0,
          -0.026921041,
          0.9990216,
          0.03508895,
          0,
          0.60804915,
          0.044226427,
          -0.7926666,
          0,
          -3.0015469,
          0.7342354,
          1.9990022,
          1
        ]
      },
      {
        "date" : 784726934.913401,
        "title" : "Untitled",
        "transform" : [
          0.23787355,
          -1.5767885e-09,
          0.9712962,
          0,
          0.14523649,
          0.98875743,
          -0.03556888,
          0,
          -0.96037626,
          0.14952853,
          0.23519923,
          0,
          -0.27343073,
          0.06688636,
          0.18210232,
          1
        ]
      },
      {
        "date" : 784726920.901047,
        "title" : "Untitled",
        "transform" : [
          0.49716386,
          5.483747e-10,
          0.86765665,
          0,
          0.05413364,
          0.99805176,
          -0.031018363,
          0,
          -0.8659663,
          0.062390625,
          0.49619532,
          0,
          -0.18288961,
          0.04473827,
          0.121802755,
          1
        ]
      },
      {
        "date" : 784726788.428967,
        "title" : "Untitled",
        "transform" : [
          0.49716386,
          5.483747e-10,
          0.86765665,
          0,
          0.05413364,
          0.99805176,
          -0.031018363,
          0,
          -0.8659663,
          0.062390625,
          0.49619532,
          0,
          -39.022305,
          9.545593,
          25.988478,
          1
        ]
      },
      {
        "date" : 784726755.394708,
        "title" : "Untitled",
        "transform" : [
          0.32767573,
          -4.0680623e-09,
          -0.9447902,
          0,
          0.10552758,
          0.9937426,
          0.036599476,
          0,
          0.9388783,
          -0.11169419,
          0.32562536,
          0,
          1.5160674,
          3.0106385,
          3.0484529,
          1
        ]
      },
      {
        "date" : 784717002.929686,
        "title" : "Untitled",
        "transform" : [
          0.8677327,
          2.4850677e-09,
          -0.49703106,
          0,
          0.045069132,
          0.99588037,
          0.07868313,
          0,
          0.4949835,
          -0.09067669,
          0.864158,
          0,
          -3.2366989,
          1.8219489,
          -0.4657857,
          1
        ]
      },
      {
        "date" : 784716999.913683,
        "title" : "Untitled",
        "transform" : [
          0.8677327,
          2.4850677e-09,
          -0.49703106,
          0,
          0.045069132,
          0.99588037,
          0.07868313,
          0,
          0.4949835,
          -0.09067669,
          0.864158,
          0,
          -5.992971,
          3.3734639,
          -0.8624343,
          1
        ]
      },
      {
        "date" : 784716508.535304,
        "title" : "Untitled",
        "transform" : [
          0.028671501,
          -1.8279408e-05,
          0.99958897,
          0,
          0.50594944,
          0.86244124,
          -0.014496547,
          0,
          -0.8620866,
          0.50615704,
          0.024736738,
          0,
          -59.496944,
          33.49103,
          -8.562065,
          1
        ]
      },
      {
        "date" : 784716472.820431,
        "title" : "Untitled",
        "transform" : [
          -0.7207598,
          -3.2847538e-09,
          -0.693185,
          0,
          -0.34942394,
          0.86365426,
          0.36332402,
          0,
          0.598672,
          0.5040847,
          -0.6224873,
          0,
          8.249181,
          6.9458504,
          -8.577334,
          1
        ]
      },
      {
        "date" : 784716309.909066,
        "title" : "Untitled",
        "transform" : [
          0.77211624,
          3.3266723e-09,
          -0.6354814,
          0,
          -0.16005006,
          0.9677647,
          -0.1944624,
          0,
          0.6149965,
          0.2518564,
          0.7472268,
          0,
          3.8830118,
          1.5901903,
          4.7178974,
          1
        ]
      }
    ]
  },
  "sceneViewportBackgroundColors" : {

  },
  "selectedSceneRelativePath" : "Enemy-1.usda"
}