{
  "advancedEditorSelectedIdentifier" : "ProjectBrowser",
  "openSceneRelativePaths" : [
    "Sword_No1.usdc",
    "Oldfactory.usdc",
    "Enemy-1.usda",
    "Budokan.usda"
  ],
  "recentIdentifiers" : {
    "00D158A0-B352-4D98-B0C4-BEA938925528" : [

    ],
    "230A6DE5-BDA5-4366-9FAC-DD19745A17DE" : [

    ],
    "26DBAE76-5DD8-47B6-A085-1B4ADA111097" : [

    ],
    "5CF28135-2DA9-48A0-ABA0-5313EFD51C1F" : [

    ],
    "AE80AD4F-BB0A-41D0-9BB0-275E322A25E8" : [

    ]
  },
  "sceneCameraHistory" : {
    "00D158A0-B352-4D98-B0C4-BEA938925528" : [
      {
        "date" : 785097056.863431,
        "title" : "Untitled",
        "transform" : [
          -0.9641921,
          0.0025738222,
          -0.26519233,
          0,
          -0.16922097,
          0.76396585,
          0.622672,
          0,
          0.20420052,
          0.6452516,
          -0.7361743,
          0,
          0.14040361,
          0.5044198,
          -0.7308853,
          1
        ]
      },
      {
        "date" : 785095105.318209,
        "title" : "Untitled",
        "transform" : [
          -0.9641921,
          0.0025738222,
          -0.26519233,
          0,
          -0.16922097,
          0.76396585,
          0.622672,
          0,
          0.20420052,
          0.6452516,
          -0.7361743,
          0,
          0.2727362,
          0.9798436,
          -1.4197563,
          1
        ]
      },
      {
        "date" : 784349466.67678,
        "title" : "Untitled",
        "transform" : [
          -0.71503854,
          1.10668125e-05,
          0.69908494,
          0,
          0.39985067,
          0.8202859,
          0.40896252,
          0,
          -0.5734449,
          0.57195395,
          -0.5865403,
          0,
          -0.98154396,
          0.9884047,
          -1.2063774,
          1
        ]
      },
      {
        "date" : 784286221.232412,
        "title" : "Untitled",
        "transform" : [
          -0.71503854,
          1.10668125e-05,
          0.69908494,
          0,
          0.39985067,
          0.8202859,
          0.40896252,
          0,
          -0.5734449,
          0.57195395,
          -0.5865403,
          0,
          -0.29106036,
          0.29309478,
          -0.35773093,
          1
        ]
      },
      {
        "date" : 784286218.200043,
        "title" : "Untitled",
        "transform" : [
          -0.71503854,
          1.10668125e-05,
          0.69908494,
          0,
          0.39985067,
          0.8202859,
          0.40896252,
          0,
          -0.5734449,
          0.57195395,
          -0.5865403,
          0,
          -0.052782737,
          0.05730784,
          -0.07916388,
          1
        ]
      },
      {
        "date" : 784130957.093972,
        "title" : "Untitled",
        "transform" : [
          -0.71503854,
          1.10668125e-05,
          0.69908494,
          0,
          0.39985067,
          0.8202859,
          0.40896252,
          0,
          -0.5734449,
          0.57195395,
          -0.5865403,
          0,
          -0.4044838,
          0.43916047,
          -0.6066473,
          1
        ]
      },
      {
        "date" : 784130954.977669,
        "title" : "Untitled",
        "transform" : [
          -0.71503854,
          1.10668125e-05,
          0.69908494,
          0,
          0.39985067,
          0.8202859,
          0.40896252,
          0,
          -0.5734449,
          0.57195395,
          -0.5865403,
          0,
          -0.5328265,
          0.57850605,
          -0.79913646,
          1
        ]
      },
      {
        "date" : 784040124.636654,
        "title" : "Untitled",
        "transform" : [
          -0.71503854,
          1.10668125e-05,
          0.69908494,
          0,
          0.39985067,
          0.8202859,
          0.40896252,
          0,
          -0.5734449,
          0.57195395,
          -0.5865403,
          0,
          -3.0848675,
          3.3493354,
          -4.6267037,
          1
        ]
      },
      {
        "date" : 784040122.869598,
        "title" : "Untitled",
        "transform" : [
          -0.71503854,
          1.10668125e-05,
          0.69908494,
          0,
          0.39985067,
          0.8202859,
          0.40896252,
          0,
          -0.5734449,
          0.57195395,
          -0.5865403,
          0,
          -0.40500626,
          0.43972775,
          -0.60743093,
          1
        ]
      },
      {
        "date" : 784032475.918761,
        "title" : "Untitled",
        "transform" : [
          -0.71503854,
          1.10668125e-05,
          0.69908494,
          0,
          0.39985067,
          0.8202859,
          0.40896252,
          0,
          -0.5734449,
          0.57195395,
          -0.5865403,
          0,
          -1.1567515,
          1.2559208,
          -1.7349032,
          1
        ]
      }
    ],
    "0FEBACCA-8C40-4F24-8670-C884EBF80266" : [
      {
        "date" : 784286234.337268,
        "title" : "Untitled",
        "transform" : [
          -0.18623784,
          3.992689e-09,
          -0.9825047,
          0,
          -0.2902222,
          0.9553767,
          0.055012804,
          0,
          0.93866223,
          0.2953901,
          -0.1779273,
          0,
          2.3874447,
          0.63420314,
          -0.8877705,
          1
        ]
      }
    ],
    "151A58B5-1BFC-4AB2-AB65-BB71CA9A58F2" : [
      {
        "date" : 784715064.934837,
        "title" : "Untitled",
        "transform" : [
          0.90350676,
          -2.8664626e-09,
          -0.4285739,
          0,
          -0.19388273,
          0.89181995,
          -0.40873784,
          0,
          0.38221076,
          0.4523905,
          0.8057654,
          0,
          8.953289,
          6.48471,
          2.1264725,
          1
        ]
      },
      {
        "date" : 784715054.703878,
        "title" : "Untitled",
        "transform" : [
          0.47965083,
          0.00058603165,
          -0.8774593,
          0,
          -0.42681125,
          0.87388235,
          -0.23272674,
          0,
          0.76665974,
          0.48613706,
          0.41940847,
          0,
          14.934849,
          8.222988,
          1.9009326,
          1
        ]
      },
      {
        "date" : 784715052.281941,
        "title" : "Untitled",
        "transform" : [
          0.47965086,
          0.0005860296,
          -0.8774593,
          0,
          -0.42681128,
          0.8738824,
          -0.2327268,
          0,
          0.76665974,
          0.48613706,
          0.4194085,
          0,
          7.499458,
          -6.8541536,
          5.0354147,
          1
        ]
      },
      {
        "date" : 784388084.677182,
        "title" : "Untitled",
        "transform" : [
          0.47965086,
          0.0005860259,
          -0.8774593,
          0,
          -0.42681122,
          0.87388235,
          -0.23272674,
          0,
          0.7666598,
          0.4861371,
          0.41940862,
          0,
          6.0682554,
          4.748004,
          2.3286433,
          1
        ]
      },
      {
        "date" : 784388083.193446,
        "title" : "Untitled",
        "transform" : [
          0.47965086,
          0.0005860259,
          -0.8774593,
          0,
          -0.42681122,
          0.87388235,
          -0.23272674,
          0,
          0.7666598,
          0.4861371,
          0.41940862,
          0,
          6.1058817,
          4.648629,
          2.3750498,
          1
        ]
      },
      {
        "date" : 784388075.891165,
        "title" : "Untitled",
        "transform" : [
          0.47965086,
          0.0005860259,
          -0.8774593,
          0,
          -0.42681122,
          0.87388235,
          -0.23272674,
          0,
          0.7666598,
          0.4861371,
          0.41940862,
          0,
          6.821184,
          5.102198,
          2.7663636,
          1
        ]
      },
      {
        "date" : 784387824.113183,
        "title" : "Untitled",
        "transform" : [
          0.47965086,
          0.0005860259,
          -0.8774593,
          0,
          -0.42681122,
          0.87388235,
          -0.23272674,
          0,
          0.7666598,
          0.4861371,
          0.41940862,
          0,
          2.490975,
          2.9930465,
          1.7742008,
          1
        ]
      },
      {
        "date" : 784387821.213964,
        "title" : "Untitled",
        "transform" : [
          0.47965086,
          0.0005860259,
          -0.8774593,
          0,
          -0.42681122,
          0.87388235,
          -0.23272674,
          0,
          0.7666598,
          0.4861371,
          0.41940862,
          0,
          2.4101424,
          2.5685112,
          1.3476686,
          1
        ]
      },
      {
        "date" : 784387818.965196,
        "title" : "Untitled",
        "transform" : [
          0.47965086,
          0.0005860259,
          -0.8774593,
          0,
          -0.42681122,
          0.87388235,
          -0.23272674,
          0,
          0.7666598,
          0.4861371,
          0.41940862,
          0,
          3.5889318,
          3.824758,
          2.006807,
          1
        ]
      },
      {
        "date" : 784387805.699542,
        "title" : "Untitled",
        "transform" : [
          0.47965086,
          0.0005860259,
          -0.8774593,
          0,
          -0.42681122,
          0.87388235,
          -0.23272674,
          0,
          0.7666598,
          0.4861371,
          0.41940862,
          0,
          1.3696215,
          1.4596183,
          0.76584524,
          1
        ]
      }
    ],
    "230A6DE5-BDA5-4366-9FAC-DD19745A17DE" : [
      {
        "date" : 784349205.848237,
        "title" : "Untitled",
        "transform" : [
          0.26464224,
          2.129188e-06,
          0.96434665,
          0,
          0.21675426,
          0.9744122,
          -0.05948525,
          0,
          -0.9396713,
          0.22476868,
          0.25787014,
          0,
          -13.169383,
          3.5241084,
          10.180224,
          1
        ]
      },
      {
        "date" : 784349199.481954,
        "title" : "Untitled",
        "transform" : [
          0.26464224,
          2.129188e-06,
          0.96434665,
          0,
          0.21675426,
          0.9744122,
          -0.05948525,
          0,
          -0.9396713,
          0.22476868,
          0.25787014,
          0,
          -2168.0605,
          580.17004,
          1675.9587,
          1
        ]
      },
      {
        "date" : 784349187.332404,
        "title" : "Untitled",
        "transform" : [
          0.26464224,
          2.129188e-06,
          0.96434665,
          0,
          0.21675426,
          0.9744122,
          -0.05948525,
          0,
          -0.9396713,
          0.22476868,
          0.25787014,
          0,
          -10.934219,
          3.7979841,
          5.6253424,
          1
        ]
      },
      {
        "date" : 784349185.348953,
        "title" : "Untitled",
        "transform" : [
          0.26464224,
          2.129188e-06,
          0.96434665,
          0,
          0.21675426,
          0.9744122,
          -0.05948525,
          0,
          -0.9396713,
          0.22476868,
          0.25787014,
          0,
          -13.041057,
          1.2101603,
          0.20372397,
          1
        ]
      },
      {
        "date" : 784328402.070282,
        "title" : "Untitled",
        "transform" : [
          0.26464224,
          2.129188e-06,
          0.96434665,
          0,
          0.21675426,
          0.9744122,
          -0.05948525,
          0,
          -0.93967116,
          0.22476865,
          0.2578701,
          0,
          -0.6227064,
          1.0242879,
          0.014699796,
          1
        ]
      },
      {
        "date" : 784328382.302019,
        "title" : "Untitled",
        "transform" : [
          -0.03529345,
          2.1278622e-06,
          0.999377,
          0,
          0.3292753,
          0.9441624,
          0.011626494,
          0,
          -0.9435742,
          0.32948062,
          -0.03332345,
          0,
          -0.5441239,
          1.1951606,
          -0.47040212,
          1
        ]
      },
      {
        "date" : 784328326.801702,
        "title" : "Untitled",
        "transform" : [
          0.089250274,
          2.130176e-06,
          0.9960092,
          0,
          0.49764806,
          0.86623186,
          -0.044595044,
          0,
          -0.862775,
          0.49964216,
          0.077310376,
          0,
          -0.2510323,
          1.8124058,
          -0.06908785,
          1
        ]
      },
      {
        "date" : 784328324.708404,
        "title" : "Untitled",
        "transform" : [
          0.089250274,
          2.130176e-06,
          0.9960092,
          0,
          0.49764806,
          0.86623186,
          -0.044595044,
          0,
          -0.862775,
          0.49964216,
          0.077310376,
          0,
          -2.5074542,
          3.2777002,
          -0.1756616,
          1
        ]
      },
      {
        "date" : 784327729.620494,
        "title" : "Untitled",
        "transform" : [
          -0.1458392,
          -2.4320341e-09,
          0.98930824,
          0,
          0.46946406,
          0.88023514,
          0.0692062,
          0,
          -0.870824,
          0.47453767,
          -0.1283728,
          0,
          -2.5074542,
          3.2777002,
          -0.1756616,
          1
        ]
      },
      {
        "date" : 784327728.619455,
        "title" : "Untitled",
        "transform" : [
          -0.14583921,
          1.2932562e-09,
          0.9893083,
          0,
          0.4694641,
          0.8802352,
          0.0692062,
          0,
          -0.870824,
          0.47453767,
          -0.1283728,
          0,
          -2.5074542,
          3.2777002,
          -0.1756616,
          1
        ]
      }
    ],
    "26B506FE-7E3A-4A1C-B567-43E49D962529" : [
      {
        "date" : 785136218.775881,
        "title" : "Untitled",
        "transform" : [
          0.67225844,
          1.5773471e-08,
          -0.74031657,
          0,
          -0.25741106,
          0.9376044,
          -0.23374696,
          0,
          0.69412404,
          0.34770402,
          0.63031244,
          0,
          5.3727746,
          3.3370197,
          3.2752483,
          1
        ]
      },
      {
        "date" : 785096536.127742,
        "title" : "Untitled",
        "transform" : [
          0.67225844,
          1.5773471e-08,
          -0.74031657,
          0,
          -0.25741106,
          0.9376044,
          -0.23374696,
          0,
          0.69412404,
          0.34770402,
          0.63031244,
          0,
          4.668204,
          2.8994129,
          2.8457425,
          1
        ]
      },
      {
        "date" : 785096456.781065,
        "title" : "Untitled",
        "transform" : [
          0.34795028,
          1.4850763e-09,
          -0.937513,
          0,
          -0.08354636,
          0.99602133,
          -0.031007547,
          0,
          0.933783,
          0.08911489,
          0.3465659,
          0,
          26.393063,
          2.2367797,
          17.4113,
          1
        ]
      },
      {
        "date" : 785095102.789224,
        "title" : "Untitled",
        "transform" : [
          0.34795028,
          1.4850763e-09,
          -0.937513,
          0,
          -0.08354636,
          0.99602133,
          -0.031007547,
          0,
          0.933783,
          0.08911489,
          0.3465659,
          0,
          8.388607,
          0.51853025,
          10.72911,
          1
        ]
      },
      {
        "date" : 785036601.529718,
        "title" : "Untitled",
        "transform" : [
          0.225035,
          -3.5794055e-06,
          -0.97435075,
          0,
          -0.055648673,
          0.99836767,
          -0.0128562255,
          0,
          0.97276026,
          0.057114422,
          0.22466746,
          0,
          8.718622,
          0.5185311,
          9.796511,
          1
        ]
      },
      {
        "date" : 784748466.821078,
        "title" : "Untitled",
        "transform" : [
          0.18545651,
          1.6322362e-10,
          -0.9826525,
          0,
          -0.06827926,
          0.997583,
          -0.01288638,
          0,
          0.98027736,
          0.06948464,
          0.18500826,
          0,
          12.378355,
          0.7361899,
          13.9087,
          1
        ]
      },
      {
        "date" : 784748436.248626,
        "title" : "Untitled",
        "transform" : [
          0.9711421,
          -4.4319298e-10,
          0.23850183,
          0,
          -0.008957326,
          0.9992945,
          0.03647283,
          0,
          -0.23833357,
          -0.03755664,
          0.97045696,
          0,
          1.1628094,
          0.31839833,
          3.9935608,
          1
        ]
      },
      {
        "date" : 784727319.228707,
        "title" : "Untitled",
        "transform" : [
          0.9711421,
          -4.4319298e-10,
          0.23850183,
          0,
          -0.008957326,
          0.9992945,
          0.03647283,
          0,
          -0.23833357,
          -0.03755664,
          0.97045696,
          0,
          3.6202474,
          0.9912895,
          12.433402,
          1
        ]
      },
      {
        "date" : 784727039.77439,
        "title" : "Untitled",
        "transform" : [
          0.9660326,
          2.7605465e-09,
          -0.25842014,
          0,
          -0.04510758,
          0.9846481,
          -0.1686223,
          0,
          0.2544529,
          0.17455135,
          0.95120215,
          0,
          4.175465,
          1.526894,
          12.261951,
          1
        ]
      },
      {
        "date" : 784716422.922522,
        "title" : "Untitled",
        "transform" : [
          0.9660326,
          2.7605465e-09,
          -0.25842014,
          0,
          -0.04510758,
          0.9846481,
          -0.1686223,
          0,
          0.2544529,
          0.17455135,
          0.95120215,
          0,
          21.105467,
          7.7178965,
          61.979725,
          1
        ]
      }
    ],
    "461AEC99-AA8B-487B-BAD8-46EF24D0C31D" : [
      {
        "date" : 785137791.349845,
        "title" : "Untitled",
        "transform" : [
          0.6863254,
          -2.3125162e-09,
          0.7272947,
          0,
          0.07702582,
          0.99437606,
          -0.07268687,
          0,
          -0.7232044,
          0.105907306,
          0.6824655,
          0,
          -103.535034,
          1.990933,
          167.91888,
          1
        ]
      },
      {
        "date" : 785137787.186319,
        "title" : "Untitled",
        "transform" : [
          0.7435892,
          -3.5652445e-09,
          0.6686367,
          0,
          0.22531897,
          0.9415108,
          -0.25057667,
          0,
          -0.6295287,
          0.33698267,
          0.7000973,
          0,
          -103.535034,
          1.990933,
          167.91888,
          1
        ]
      },
      {
        "date" : 785137778.804612,
        "title" : "Untitled",
        "transform" : [
          0.7435892,
          -3.5652445e-09,
          0.6686367,
          0,
          0.22531897,
          0.9415108,
          -0.25057667,
          0,
          -0.6295287,
          0.33698267,
          0.7000973,
          0,
          -21.087667,
          12.350357,
          38.182755,
          1
        ]
      },
      {
        "date" : 785137738.486179,
        "title" : "Untitled",
        "transform" : [
          0.99768275,
          -3.022741e-09,
          0.0680386,
          0,
          0.018903507,
          0.9606288,
          -0.2771912,
          0,
          -0.06535984,
          0.27783504,
          0.9584028,
          0,
          -19.955887,
          7.540234,
          21.589802,
          1
        ]
      },
      {
        "date" : 785137119.52211,
        "title" : "Untitled",
        "transform" : [
          0.8231387,
          -0.00049553975,
          -0.5678401,
          0,
          -0.35612306,
          0.7784449,
          -0.5169139,
          0,
          0.44228834,
          0.6277128,
          0.6405916,
          0,
          -9.486741,
          22.398232,
          36.7528,
          1
        ]
      },
      {
        "date" : 785137005.824618,
        "title" : "Untitled",
        "transform" : [
          0.8231387,
          -0.00049553975,
          -0.5678401,
          0,
          -0.35612306,
          0.7784449,
          -0.5169139,
          0,
          0.44228834,
          0.6277128,
          0.6405916,
          0,
          -12.959203,
          17.469992,
          31.723417,
          1
        ]
      },
      {
        "date" : 785136992.265084,
        "title" : "Untitled",
        "transform" : [
          1,
          0,
          0,
          0,
          0,
          0.7071069,
          -0.70710677,
          0,
          0,
          0.70710677,
          0.7071069,
          0,
          0,
          46.198704,
          46.198704,
          1
        ]
      }
    ],
    "5CF28135-2DA9-48A0-ABA0-5313EFD51C1F" : [
      {
        "date" : 785136902.104544,
        "title" : "Untitled",
        "transform" : [
          0.04612838,
          5.989968e-09,
          0.9989355,
          0,
          0.33258387,
          0.94294864,
          -0.015357909,
          0,
          -0.94194496,
          0.33293828,
          0.043496694,
          0,
          -84.8304,
          50.847515,
          26.191069,
          1
        ]
      },
      {
        "date" : 785136809.998799,
        "title" : "Untitled",
        "transform" : [
          0.9974937,
          -7.985187e-08,
          0.070755206,
          0,
          0.029144142,
          0.911229,
          -0.41086766,
          0,
          -0.064474165,
          0.41190004,
          0.90894526,
          0,
          -1.3091602,
          2.780581,
          4.075988,
          1
        ]
      },
      {
        "date" : 785136800.804008,
        "title" : "Untitled",
        "transform" : [
          0.85765797,
          4.4497145e-05,
          0.51422054,
          0,
          0.28125507,
          0.8371219,
          -0.46917206,
          0,
          -0.43048617,
          0.5470163,
          0.71795183,
          0,
          -1.3091602,
          2.780581,
          4.075988,
          1
        ]
      },
      {
        "date" : 785136798.841016,
        "title" : "Untitled",
        "transform" : [
          0.73606354,
          0.2556044,
          -0.6267989,
          0,
          -0.6444533,
          0.5479105,
          -0.5333612,
          0,
          0.20710024,
          0.79653025,
          0.56802195,
          0,
          -1.3091602,
          2.780581,
          4.075988,
          1
        ]
      },
      {
        "date" : 785136766.167358,
        "title" : "Untitled",
        "transform" : [
          0.9652299,
          -3.1180477e-07,
          0.26140234,
          0,
          0.13938966,
          0.8459658,
          -0.5146963,
          0,
          -0.22113727,
          0.53323704,
          0.81655157,
          0,
          0,
          13.060595,
          13.0605955,
          1
        ]
      }
    ],
    "80E4AF8A-7483-404E-A458-6391486A5761" : [
      {
        "date" : 785036748.352851,
        "title" : "Untitled",
        "transform" : [
          0.99999946,
          5.5757376e-08,
          0.0010118628,
          0,
          0.000121098165,
          0.9928061,
          -0.11973308,
          0,
          -0.0010045903,
          0.11973315,
          0.9928056,
          0,
          -0.005993571,
          0.1520763,
          0.2055492,
          1
        ]
      },
      {
        "date" : 785036732.036474,
        "title" : "Untitled",
        "transform" : [
          0.99949974,
          9.54018e-11,
          -0.03162665,
          0,
          -0.0026919364,
          0.99637103,
          -0.0850735,
          0,
          0.031511877,
          0.08511608,
          0.9958726,
          0,
          -0.005993571,
          0.1520763,
          0.2055492,
          1
        ]
      },
      {
        "date" : 785036675.478678,
        "title" : "Untitled",
        "transform" : [
          0.998584,
          -1.0690436e-05,
          0.05319773,
          0,
          0.017873839,
          0.94193345,
          -0.3353237,
          0,
          -0.05010514,
          0.33579972,
          0.94059986,
          0,
          0,
          0.23821661,
          0.23821668,
          1
        ]
      },
      {
        "date" : 785036673.025526,
        "title" : "Untitled",
        "transform" : [
          1,
          0,
          0,
          0,
          0,
          0.7071069,
          -0.70710677,
          0,
          0,
          0.70710677,
          0.7071069,
          0,
          0,
          0.23821661,
          0.23821668,
          1
        ]
      }
    ],
    "AE80AD4F-BB0A-41D0-9BB0-275E322A25E8" : [
      {
        "date" : 785143329.367602,
        "title" : "Untitled",
        "transform" : [
          0.9850226,
          -7.894296e-11,
          0.1724249,
          0,
          -0.011681201,
          0.99770254,
          0.06673194,
          0,
          -0.17202877,
          -0.0677466,
          0.9827596,
          0,
          -0.67071766,
          0.4012726,
          2.6244729,
          1
        ]
      },
      {
        "date" : 785137879.927954,
        "title" : "Untitled",
        "transform" : [
          0.96825224,
          1.1594892e-11,
          0.24997504,
          0,
          -0.0010169273,
          0.9999918,
          0.003938962,
          0,
          -0.24997295,
          -0.004068115,
          0.9682442,
          0,
          0.8015646,
          0.8906073,
          8.692639,
          1
        ]
      },
      {
        "date" : 785137858.452974,
        "title" : "Untitled",
        "transform" : [
          0.9883456,
          5.1882845e-09,
          -0.15222707,
          0,
          0.0015073429,
          0.999951,
          0.009786571,
          0,
          0.1522196,
          -0.009901973,
          0.98829716,
          0,
          0.62202066,
          0.1311388,
          6.745559,
          1
        ]
      },
      {
        "date" : 785137854.998723,
        "title" : "Untitled",
        "transform" : [
          0.9155315,
          -8.052106e-08,
          -0.40224615,
          0,
          -0.12079815,
          0.9538419,
          -0.27494258,
          0,
          0.38367924,
          0.30030918,
          0.8732723,
          0,
          0.62202066,
          0.1311388,
          6.745559,
          1
        ]
      },
      {
        "date" : 785137835.861076,
        "title" : "Untitled",
        "transform" : [
          0.7172564,
          3.0469587e-09,
          -0.6968093,
          0,
          -0.16885889,
          0.97019345,
          -0.17381386,
          0,
          0.6760398,
          0.24233156,
          0.6958775,
          0,
          1.1399741,
          0.5365464,
          7.924445,
          1
        ]
      },
      {
        "date" : 785137831.460465,
        "title" : "Untitled",
        "transform" : [
          0.7172564,
          3.0469587e-09,
          -0.6968093,
          0,
          -0.16885889,
          0.97019345,
          -0.17381386,
          0,
          0.6760398,
          0.24233156,
          0.6958775,
          0,
          0.59895545,
          0.2819076,
          4.163594,
          1
        ]
      },
      {
        "date" : 785137740.977101,
        "title" : "Untitled",
        "transform" : [
          0.99882644,
          9.82121e-10,
          -0.048432756,
          0,
          -0.013683018,
          0.95926267,
          -0.2821842,
          0,
          0.046459734,
          0.28251576,
          0.9581369,
          0,
          0.30237576,
          0.14231779,
          0.86403894,
          1
        ]
      },
      {
        "date" : 785137734.648477,
        "title" : "Untitled",
        "transform" : [
          0.9866896,
          -3.8893857e-09,
          0.162615,
          0,
          0.05352406,
          0.94427913,
          -0.32476482,
          0,
          -0.15355393,
          0.32914588,
          0.93171036,
          0,
          0.30237576,
          0.14231779,
          0.86403894,
          1
        ]
      },
      {
        "date" : 785136983.425844,
        "title" : "Untitled",
        "transform" : [
          0.9866896,
          -3.8893857e-09,
          0.162615,
          0,
          0.05352406,
          0.94427913,
          -0.32476482,
          0,
          -0.15355393,
          0.32914588,
          0.93171036,
          0,
          0.21439077,
          0.3309154,
          1.3979007,
          1
        ]
      },
      {
        "date" : 785136980.948827,
        "title" : "Untitled",
        "transform" : [
          0.9866896,
          -3.8893857e-09,
          0.162615,
          0,
          0.05352406,
          0.94427913,
          -0.32476482,
          0,
          -0.15355393,
          0.32914588,
          0.93171036,
          0,
          0.11251371,
          0.17366663,
          0.7336278,
          1
        ]
      }
    ],
    "E3E490AA-0A9B-4E4E-BD5A-06696D7E03F0" : [
      {
        "date" : 784726999.363004,
        "title" : "Untitled",
        "transform" : [
          -0.7934428,
          -3.6052088e-06,
          -0.6086448,
          0,
          -0.026921041,
          0.9990216,
          0.03508895,
          0,
          0.60804915,
          0.044226427,
          -0.7926666,
          0,
          -3.0015469,
          0.7342354,
          1.9990022,
          1
        ]
      },
      {
        "date" : 784726934.913401,
        "title" : "Untitled",
        "transform" : [
          0.23787355,
          -1.5767885e-09,
          0.9712962,
          0,
          0.14523649,
          0.98875743,
          -0.03556888,
          0,
          -0.96037626,
          0.14952853,
          0.23519923,
          0,
          -0.27343073,
          0.06688636,
          0.18210232,
          1
        ]
      },
      {
        "date" : 784726920.901047,
        "title" : "Untitled",
        "transform" : [
          0.49716386,
          5.483747e-10,
          0.86765665,
          0,
          0.05413364,
          0.99805176,
          -0.031018363,
          0,
          -0.8659663,
          0.062390625,
          0.49619532,
          0,
          -0.18288961,
          0.04473827,
          0.121802755,
          1
        ]
      },
      {
        "date" : 784726788.428967,
        "title" : "Untitled",
        "transform" : [
          0.49716386,
          5.483747e-10,
          0.86765665,
          0,
          0.05413364,
          0.99805176,
          -0.031018363,
          0,
          -0.8659663,
          0.062390625,
          0.49619532,
          0,
          -39.022305,
          9.545593,
          25.988478,
          1
        ]
      },
      {
        "date" : 784726755.394708,
        "title" : "Untitled",
        "transform" : [
          0.32767573,
          -4.0680623e-09,
          -0.9447902,
          0,
          0.10552758,
          0.9937426,
          0.036599476,
          0,
          0.9388783,
          -0.11169419,
          0.32562536,
          0,
          1.5160674,
          3.0106385,
          3.0484529,
          1
        ]
      },
      {
        "date" : 784717002.929686,
        "title" : "Untitled",
        "transform" : [
          0.8677327,
          2.4850677e-09,
          -0.49703106,
          0,
          0.045069132,
          0.99588037,
          0.07868313,
          0,
          0.4949835,
          -0.09067669,
          0.864158,
          0,
          -3.2366989,
          1.8219489,
          -0.4657857,
          1
        ]
      },
      {
        "date" : 784716999.913683,
        "title" : "Untitled",
        "transform" : [
          0.8677327,
          2.4850677e-09,
          -0.49703106,
          0,
          0.045069132,
          0.99588037,
          0.07868313,
          0,
          0.4949835,
          -0.09067669,
          0.864158,
          0,
          -5.992971,
          3.3734639,
          -0.8624343,
          1
        ]
      },
      {
        "date" : 784716508.535304,
        "title" : "Untitled",
        "transform" : [
          0.028671501,
          -1.8279408e-05,
          0.99958897,
          0,
          0.50594944,
          0.86244124,
          -0.014496547,
          0,
          -0.8620866,
          0.50615704,
          0.024736738,
          0,
          -59.496944,
          33.49103,
          -8.562065,
          1
        ]
      },
      {
        "date" : 784716472.820431,
        "title" : "Untitled",
        "transform" : [
          -0.7207598,
          -3.2847538e-09,
          -0.693185,
          0,
          -0.34942394,
          0.86365426,
          0.36332402,
          0,
          0.598672,
          0.5040847,
          -0.6224873,
          0,
          8.249181,
          6.9458504,
          -8.577334,
          1
        ]
      },
      {
        "date" : 784716309.909066,
        "title" : "Untitled",
        "transform" : [
          0.77211624,
          3.3266723e-09,
          -0.6354814,
          0,
          -0.16005006,
          0.9677647,
          -0.1944624,
          0,
          0.6149965,
          0.2518564,
          0.7472268,
          0,
          3.8830118,
          1.5901903,
          4.7178974,
          1
        ]
      }
    ]
  },
  "sceneViewportBackgroundColors" : {

  },
  "selectedSceneRelativePath" : "Enemy-1.usda"
}