{
  "advancedEditorSelectedIdentifier" : "ProjectBrowser",
  "openSceneRelativePaths" : [
    "Sword_No1.usdc",
    "Oldfactory.usdc",
    "Budokan.usdc"
  ],
  "recentIdentifiers" : {
    "00D158A0-B352-4D98-B0C4-BEA938925528" : [

    ],
    "230A6DE5-BDA5-4366-9FAC-DD19745A17DE" : [

    ],
    "26DBAE76-5DD8-47B6-A085-1B4ADA111097" : [

    ]
  },
  "sceneCameraHistory" : {
    "00D158A0-B352-4D98-B0C4-BEA938925528" : [
      {
        "date" : 784349466.67678,
        "title" : "Untitled",
        "transform" : [
          -0.71503854,
          1.10668125e-05,
          0.69908494,
          0,
          0.39985067,
          0.8202859,
          0.40896252,
          0,
          -0.5734449,
          0.57195395,
          -0.5865403,
          0,
          -0.98154396,
          0.9884047,
          -1.2063774,
          1
        ]
      },
      {
        "date" : 784286221.232412,
        "title" : "Untitled",
        "transform" : [
          -0.71503854,
          1.10668125e-05,
          0.69908494,
          0,
          0.39985067,
          0.8202859,
          0.40896252,
          0,
          -0.5734449,
          0.57195395,
          -0.5865403,
          0,
          -0.29106036,
          0.29309478,
          -0.35773093,
          1
        ]
      },
      {
        "date" : 784286218.200043,
        "title" : "Untitled",
        "transform" : [
          -0.71503854,
          1.10668125e-05,
          0.69908494,
          0,
          0.39985067,
          0.8202859,
          0.40896252,
          0,
          -0.5734449,
          0.57195395,
          -0.5865403,
          0,
          -0.052782737,
          0.05730784,
          -0.07916388,
          1
        ]
      },
      {
        "date" : 784130957.093972,
        "title" : "Untitled",
        "transform" : [
          -0.71503854,
          1.10668125e-05,
          0.69908494,
          0,
          0.39985067,
          0.8202859,
          0.40896252,
          0,
          -0.5734449,
          0.57195395,
          -0.5865403,
          0,
          -0.4044838,
          0.43916047,
          -0.6066473,
          1
        ]
      },
      {
        "date" : 784130954.977669,
        "title" : "Untitled",
        "transform" : [
          -0.71503854,
          1.10668125e-05,
          0.69908494,
          0,
          0.39985067,
          0.8202859,
          0.40896252,
          0,
          -0.5734449,
          0.57195395,
          -0.5865403,
          0,
          -0.5328265,
          0.57850605,
          -0.79913646,
          1
        ]
      },
      {
        "date" : 784040124.636654,
        "title" : "Untitled",
        "transform" : [
          -0.71503854,
          1.10668125e-05,
          0.69908494,
          0,
          0.39985067,
          0.8202859,
          0.40896252,
          0,
          -0.5734449,
          0.57195395,
          -0.5865403,
          0,
          -3.0848675,
          3.3493354,
          -4.6267037,
          1
        ]
      },
      {
        "date" : 784040122.869598,
        "title" : "Untitled",
        "transform" : [
          -0.71503854,
          1.10668125e-05,
          0.69908494,
          0,
          0.39985067,
          0.8202859,
          0.40896252,
          0,
          -0.5734449,
          0.57195395,
          -0.5865403,
          0,
          -0.40500626,
          0.43972775,
          -0.60743093,
          1
        ]
      },
      {
        "date" : 784032475.918761,
        "title" : "Untitled",
        "transform" : [
          -0.71503854,
          1.10668125e-05,
          0.69908494,
          0,
          0.39985067,
          0.8202859,
          0.40896252,
          0,
          -0.5734449,
          0.57195395,
          -0.5865403,
          0,
          -1.1567515,
          1.2559208,
          -1.7349032,
          1
        ]
      },
      {
        "date" : 784032467.220032,
        "title" : "Untitled",
        "transform" : [
          -0.71503854,
          1.10668125e-05,
          0.69908494,
          0,
          0.39985067,
          0.8202859,
          0.40896252,
          0,
          -0.5734449,
          0.57195395,
          -0.5865403,
          0,
          -0.675731,
          0.73366195,
          -1.0134656,
          1
        ]
      },
      {
        "date" : 784032465.783355,
        "title" : "Untitled",
        "transform" : [
          -0.71503854,
          1.10668125e-05,
          0.69908494,
          0,
          0.39985067,
          0.8202859,
          0.40896252,
          0,
          -0.5734449,
          0.57195395,
          -0.5865403,
          0,
          -1.0414732,
          1.1307595,
          -1.562008,
          1
        ]
      }
    ],
    "0FEBACCA-8C40-4F24-8670-C884EBF80266" : [
      {
        "date" : 784286234.337268,
        "title" : "Untitled",
        "transform" : [
          -0.18623784,
          3.992689e-09,
          -0.9825047,
          0,
          -0.2902222,
          0.9553767,
          0.055012804,
          0,
          0.93866223,
          0.2953901,
          -0.1779273,
          0,
          2.3874447,
          0.63420314,
          -0.8877705,
          1
        ]
      }
    ],
    "151A58B5-1BFC-4AB2-AB65-BB71CA9A58F2" : [
      {
        "date" : 784715064.934837,
        "title" : "Untitled",
        "transform" : [
          0.90350676,
          -2.8664626e-09,
          -0.4285739,
          0,
          -0.19388273,
          0.89181995,
          -0.40873784,
          0,
          0.38221076,
          0.4523905,
          0.8057654,
          0,
          8.953289,
          6.48471,
          2.1264725,
          1
        ]
      },
      {
        "date" : 784715054.703878,
        "title" : "Untitled",
        "transform" : [
          0.47965083,
          0.00058603165,
          -0.8774593,
          0,
          -0.42681125,
          0.87388235,
          -0.23272674,
          0,
          0.76665974,
          0.48613706,
          0.41940847,
          0,
          14.934849,
          8.222988,
          1.9009326,
          1
        ]
      },
      {
        "date" : 784715052.281941,
        "title" : "Untitled",
        "transform" : [
          0.47965086,
          0.0005860296,
          -0.8774593,
          0,
          -0.42681128,
          0.8738824,
          -0.2327268,
          0,
          0.76665974,
          0.48613706,
          0.4194085,
          0,
          7.499458,
          -6.8541536,
          5.0354147,
          1
        ]
      },
      {
        "date" : 784388084.677182,
        "title" : "Untitled",
        "transform" : [
          0.47965086,
          0.0005860259,
          -0.8774593,
          0,
          -0.42681122,
          0.87388235,
          -0.23272674,
          0,
          0.7666598,
          0.4861371,
          0.41940862,
          0,
          6.0682554,
          4.748004,
          2.3286433,
          1
        ]
      },
      {
        "date" : 784388083.193446,
        "title" : "Untitled",
        "transform" : [
          0.47965086,
          0.0005860259,
          -0.8774593,
          0,
          -0.42681122,
          0.87388235,
          -0.23272674,
          0,
          0.7666598,
          0.4861371,
          0.41940862,
          0,
          6.1058817,
          4.648629,
          2.3750498,
          1
        ]
      },
      {
        "date" : 784388075.891165,
        "title" : "Untitled",
        "transform" : [
          0.47965086,
          0.0005860259,
          -0.8774593,
          0,
          -0.42681122,
          0.87388235,
          -0.23272674,
          0,
          0.7666598,
          0.4861371,
          0.41940862,
          0,
          6.821184,
          5.102198,
          2.7663636,
          1
        ]
      },
      {
        "date" : 784387824.113183,
        "title" : "Untitled",
        "transform" : [
          0.47965086,
          0.0005860259,
          -0.8774593,
          0,
          -0.42681122,
          0.87388235,
          -0.23272674,
          0,
          0.7666598,
          0.4861371,
          0.41940862,
          0,
          2.490975,
          2.9930465,
          1.7742008,
          1
        ]
      },
      {
        "date" : 784387821.213964,
        "title" : "Untitled",
        "transform" : [
          0.47965086,
          0.0005860259,
          -0.8774593,
          0,
          -0.42681122,
          0.87388235,
          -0.23272674,
          0,
          0.7666598,
          0.4861371,
          0.41940862,
          0,
          2.4101424,
          2.5685112,
          1.3476686,
          1
        ]
      },
      {
        "date" : 784387818.965196,
        "title" : "Untitled",
        "transform" : [
          0.47965086,
          0.0005860259,
          -0.8774593,
          0,
          -0.42681122,
          0.87388235,
          -0.23272674,
          0,
          0.7666598,
          0.4861371,
          0.41940862,
          0,
          3.5889318,
          3.824758,
          2.006807,
          1
        ]
      },
      {
        "date" : 784387805.699542,
        "title" : "Untitled",
        "transform" : [
          0.47965086,
          0.0005860259,
          -0.8774593,
          0,
          -0.42681122,
          0.87388235,
          -0.23272674,
          0,
          0.7666598,
          0.4861371,
          0.41940862,
          0,
          1.3696215,
          1.4596183,
          0.76584524,
          1
        ]
      }
    ],
    "230A6DE5-BDA5-4366-9FAC-DD19745A17DE" : [
      {
        "date" : 784349205.848237,
        "title" : "Untitled",
        "transform" : [
          0.26464224,
          2.129188e-06,
          0.96434665,
          0,
          0.21675426,
          0.9744122,
          -0.05948525,
          0,
          -0.9396713,
          0.22476868,
          0.25787014,
          0,
          -13.169383,
          3.5241084,
          10.180224,
          1
        ]
      },
      {
        "date" : 784349199.481954,
        "title" : "Untitled",
        "transform" : [
          0.26464224,
          2.129188e-06,
          0.96434665,
          0,
          0.21675426,
          0.9744122,
          -0.05948525,
          0,
          -0.9396713,
          0.22476868,
          0.25787014,
          0,
          -2168.0605,
          580.17004,
          1675.9587,
          1
        ]
      },
      {
        "date" : 784349187.332404,
        "title" : "Untitled",
        "transform" : [
          0.26464224,
          2.129188e-06,
          0.96434665,
          0,
          0.21675426,
          0.9744122,
          -0.05948525,
          0,
          -0.9396713,
          0.22476868,
          0.25787014,
          0,
          -10.934219,
          3.7979841,
          5.6253424,
          1
        ]
      },
      {
        "date" : 784349185.348953,
        "title" : "Untitled",
        "transform" : [
          0.26464224,
          2.129188e-06,
          0.96434665,
          0,
          0.21675426,
          0.9744122,
          -0.05948525,
          0,
          -0.9396713,
          0.22476868,
          0.25787014,
          0,
          -13.041057,
          1.2101603,
          0.20372397,
          1
        ]
      },
      {
        "date" : 784328402.070282,
        "title" : "Untitled",
        "transform" : [
          0.26464224,
          2.129188e-06,
          0.96434665,
          0,
          0.21675426,
          0.9744122,
          -0.05948525,
          0,
          -0.93967116,
          0.22476865,
          0.2578701,
          0,
          -0.6227064,
          1.0242879,
          0.014699796,
          1
        ]
      },
      {
        "date" : 784328382.302019,
        "title" : "Untitled",
        "transform" : [
          -0.03529345,
          2.1278622e-06,
          0.999377,
          0,
          0.3292753,
          0.9441624,
          0.011626494,
          0,
          -0.9435742,
          0.32948062,
          -0.03332345,
          0,
          -0.5441239,
          1.1951606,
          -0.47040212,
          1
        ]
      },
      {
        "date" : 784328326.801702,
        "title" : "Untitled",
        "transform" : [
          0.089250274,
          2.130176e-06,
          0.9960092,
          0,
          0.49764806,
          0.86623186,
          -0.044595044,
          0,
          -0.862775,
          0.49964216,
          0.077310376,
          0,
          -0.2510323,
          1.8124058,
          -0.06908785,
          1
        ]
      },
      {
        "date" : 784328324.708404,
        "title" : "Untitled",
        "transform" : [
          0.089250274,
          2.130176e-06,
          0.9960092,
          0,
          0.49764806,
          0.86623186,
          -0.044595044,
          0,
          -0.862775,
          0.49964216,
          0.077310376,
          0,
          -2.5074542,
          3.2777002,
          -0.1756616,
          1
        ]
      },
      {
        "date" : 784327729.620494,
        "title" : "Untitled",
        "transform" : [
          -0.1458392,
          -2.4320341e-09,
          0.98930824,
          0,
          0.46946406,
          0.88023514,
          0.0692062,
          0,
          -0.870824,
          0.47453767,
          -0.1283728,
          0,
          -2.5074542,
          3.2777002,
          -0.1756616,
          1
        ]
      },
      {
        "date" : 784327728.619455,
        "title" : "Untitled",
        "transform" : [
          -0.14583921,
          1.2932562e-09,
          0.9893083,
          0,
          0.4694641,
          0.8802352,
          0.0692062,
          0,
          -0.870824,
          0.47453767,
          -0.1283728,
          0,
          -2.5074542,
          3.2777002,
          -0.1756616,
          1
        ]
      }
    ],
    "26B506FE-7E3A-4A1C-B567-43E49D962529" : [
      {
        "date" : 784715071.543842,
        "title" : "Untitled",
        "transform" : [
          0.6056816,
          -1.2369877e-07,
          -0.79570705,
          0,
          -0.37220106,
          0.8838548,
          -0.2833146,
          0,
          0.70328957,
          0.46776143,
          0.5353345,
          0,
          20.564444,
          52.06319,
          48.266193,
          1
        ]
      },
      {
        "date" : 784715045.989597,
        "title" : "Untitled",
        "transform" : [
          0.65202683,
          3.5375187e-08,
          -0.75819594,
          0,
          -0.4796339,
          0.7744796,
          -0.41247144,
          0,
          0.58720726,
          0.6325989,
          0.5049815,
          0,
          20.564444,
          52.06319,
          48.266193,
          1
        ]
      },
      {
        "date" : 784715030.363862,
        "title" : "Untitled",
        "transform" : [
          0.3613007,
          5.05629e-09,
          -0.9324494,
          0,
          -0.4388852,
          0.882304,
          -0.170057,
          0,
          0.8227038,
          0.47067994,
          0.31877705,
          0,
          20.564444,
          52.06319,
          48.266193,
          1
        ]
      },
      {
        "date" : 784715015.703033,
        "title" : "Untitled",
        "transform" : [
          0.3613007,
          5.05629e-09,
          -0.9324494,
          0,
          -0.4388852,
          0.882304,
          -0.170057,
          0,
          0.8227038,
          0.47067994,
          0.31877705,
          0,
          0,
          7.0967445,
          7.0967464,
          1
        ]
      }
    ]
  },
  "sceneViewportBackgroundColors" : {

  },
  "selectedSceneRelativePath" : "Budokan.usdc"
}